canvas 145 50 410 208
shape disk1 rectangle
shape disk2 rectangle
shape disk3 rectangle
shape disk4 rectangle
shape disk5 rectangle
motion disk1 1 190 168 20 18 127 185 246  1 190 168 20 18 127 185 246
motion disk1 1 190 168 20 18 127 185 246  25 190 168 20 18 127 185 246
motion disk2 1 178 186 42 18 102 162 48  1 178 186 42 18 102 162 48
motion disk2 1 178 186 42 18 102 162 48  57 178 186 42 18 102 162 48
motion disk3 1 167 204 65 18 157 206 118  1 167 204 65 18 157 206 118
motion disk3 1 167 204 65 18 157 206 118  121 167 204 65 18 157 206 118
motion disk4 1 156 222 87 18 250 125 210  1 156 222 87 18 250 125 210
motion disk4 1 156 222 87 18 250 125 210  249 156 222 87 18 250 125 210
motion disk5 1 145 240 110 18 56 214 194  1 145 240 110 18 56 214 194
motion disk5 1 145 240 110 18 56 214 194  505 145 240 110 18 56 214 194
motion disk1 25 190 168 20 18 127 185 246  35 190 50 20 18 127 185 246
motion disk1 35 190 50 20 18 127 185 246  36 190 50 20 18 127 185 246
motion disk1 36 190 50 20 18 127 185 246  46 490 50 20 18 127 185 246
motion disk1 46 490 50 20 18 127 185 246  47 490 50 20 18 127 185 246
motion disk1 47 490 50 20 18 127 185 246  57 490 240 20 18 127 185 246
motion disk1 57 490 240 20 18 127 185 246  89 490 240 20 18 127 185 246
motion disk2 57 178 186 42 18 102 162 48  67 178 50 42 18 102 162 48
motion disk2 67 178 50 42 18 102 162 48  68 178 50 42 18 102 162 48
motion disk2 68 178 50 42 18 102 162 48  78 328 50 42 18 102 162 48
motion disk2 78 328 50 42 18 102 162 48  79 328 50 42 18 102 162 48
motion disk2 79 328 50 42 18 102 162 48  89 328 240 42 18 102 162 48
motion disk1 89 490 240 20 18 127 185 246  99 490 50 20 18 127 185 246
motion disk2 89 328 240 42 18 102 162 48  185 328 240 42 18 102 162 48
motion disk1 99 490 50 20 18 127 185 246  100 490 50 20 18 127 185 246
motion disk1 100 490 50 20 18 127 185 246  110 340 50 20 18 127 185 246
motion disk1 110 340 50 20 18 127 185 246  111 340 50 20 18 127 185 246
motion disk1 111 340 50 20 18 127 185 246  121 340 222 20 18 127 185 246
motion disk1 121 340 222 20 18 127 185 246  153 340 222 20 18 127 185 246
motion disk3 121 167 204 65 18 157 206 118  131 167 50 65 18 157 206 118
motion disk3 131 167 50 65 18 157 206 118  132 167 50 65 18 157 206 118
motion disk3 132 167 50 65 18 157 206 118  142 467 50 65 18 157 206 118
motion disk3 142 467 50 65 18 157 206 118  143 467 50 65 18 157 206 118
motion disk3 143 467 50 65 18 157 206 118  153 467 240 65 18 157 206 118
motion disk1 153 340 222 20 18 127 185 246  163 340 50 20 18 127 185 246
motion disk3 153 467 240 65 18 157 206 118  377 467 240 65 18 157 206 118
motion disk1 163 340 50 20 18 127 185 246  164 340 50 20 18 127 185 246
motion disk1 164 340 50 20 18 127 185 246  174 190 50 20 18 127 185 246
motion disk1 174 190 50 20 18 127 185 246  175 190 50 20 18 127 185 246
motion disk1 175 190 50 20 18 127 185 246  185 190 204 20 18 127 185 246
motion disk1 185 190 204 20 18 127 185 246  217 190 204 20 18 127 185 246
motion disk2 185 328 240 42 18 102 162 48  195 328 50 42 18 102 162 48
motion disk2 195 328 50 42 18 102 162 48  196 328 50 42 18 102 162 48
motion disk2 196 328 50 42 18 102 162 48  206 478 50 42 18 102 162 48
motion disk2 206 478 50 42 18 102 162 48  207 478 50 42 18 102 162 48
motion disk2 207 478 50 42 18 102 162 48  217 478 222 42 18 102 162 48
motion disk1 217 190 204 20 18 127 185 246  227 190 50 20 18 127 185 246
motion disk2 217 478 222 42 18 102 162 48  313 478 222 42 18 102 162 48
motion disk1 227 190 50 20 18 127 185 246  228 190 50 20 18 127 185 246
motion disk1 228 190 50 20 18 127 185 246  238 490 50 20 18 127 185 246
motion disk1 238 490 50 20 18 127 185 246  239 490 50 20 18 127 185 246
motion disk1 239 490 50 20 18 127 185 246  249 490 204 20 18 127 185 246
motion disk1 249 490 204 20 18 127 185 246  281 490 204 20 18 127 185 246
motion disk4 249 156 222 87 18 250 125 210  259 156 50 87 18 250 125 210
motion disk4 259 156 50 87 18 250 125 210  260 156 50 87 18 250 125 210
motion disk4 260 156 50 87 18 250 125 210  270 306 50 87 18 250 125 210
motion disk4 270 306 50 87 18 250 125 210  271 306 50 87 18 250 125 210
motion disk4 271 306 50 87 18 250 125 210  281 306 240 87 18 250 125 210
motion disk1 281 490 204 20 18 127 185 246  291 490 50 20 18 127 185 246
motion disk4 281 306 240 87 18 250 125 210  761 306 240 87 18 250 125 210
motion disk1 291 490 50 20 18 127 185 246  292 490 50 20 18 127 185 246
motion disk1 292 490 50 20 18 127 185 246  302 340 50 20 18 127 185 246
motion disk1 302 340 50 20 18 127 185 246  303 340 50 20 18 127 185 246
motion disk1 303 340 50 20 18 127 185 246  313 340 222 20 18 127 185 246
motion disk1 313 340 222 20 18 127 185 246  345 340 222 20 18 127 185 246
motion disk2 313 478 222 42 18 102 162 48  323 478 50 42 18 102 162 48
motion disk2 323 478 50 42 18 102 162 48  324 478 50 42 18 102 162 48
motion disk2 324 478 50 42 18 102 162 48  334 178 50 42 18 102 162 48
motion disk2 334 178 50 42 18 102 162 48  335 178 50 42 18 102 162 48
motion disk2 335 178 50 42 18 102 162 48  345 178 222 42 18 102 162 48
motion disk1 345 340 222 20 18 127 185 246  355 340 50 20 18 127 185 246
motion disk2 345 178 222 42 18 102 162 48  441 178 222 42 18 102 162 48
motion disk1 355 340 50 20 18 127 185 246  356 340 50 20 18 127 185 246
motion disk1 356 340 50 20 18 127 185 246  366 190 50 20 18 127 185 246
motion disk1 366 190 50 20 18 127 185 246  367 190 50 20 18 127 185 246
motion disk1 367 190 50 20 18 127 185 246  377 190 204 20 18 127 185 246
motion disk1 377 190 204 20 18 127 185 246  409 190 204 20 18 127 185 246
motion disk3 377 467 240 65 18 157 206 118  387 467 50 65 18 157 206 118
motion disk3 387 467 50 65 18 157 206 118  388 467 50 65 18 157 206 118
motion disk3 388 467 50 65 18 157 206 118  398 317 50 65 18 157 206 118
motion disk3 398 317 50 65 18 157 206 118  399 317 50 65 18 157 206 118
motion disk3 399 317 50 65 18 157 206 118  409 317 222 65 18 157 206 118
motion disk1 409 190 204 20 18 127 185 246  419 190 50 20 18 127 185 246
motion disk3 409 317 222 65 18 157 206 118  633 317 222 65 18 157 206 118
motion disk1 419 190 50 20 18 127 185 246  420 190 50 20 18 127 185 246
motion disk1 420 190 50 20 18 127 185 246  430 490 50 20 18 127 185 246
motion disk1 430 490 50 20 18 127 185 246  431 490 50 20 18 127 185 246
motion disk1 431 490 50 20 18 127 185 246  441 490 240 20 18 127 185 246
motion disk1 441 490 240 20 18 127 185 246  473 490 240 20 18 127 185 246
motion disk2 441 178 222 42 18 102 162 48  451 178 50 42 18 102 162 48
motion disk2 451 178 50 42 18 102 162 48  452 178 50 42 18 102 162 48
motion disk2 452 178 50 42 18 102 162 48  462 328 50 42 18 102 162 48
motion disk2 462 328 50 42 18 102 162 48  463 328 50 42 18 102 162 48
motion disk2 463 328 50 42 18 102 162 48  473 328 204 42 18 102 162 48
motion disk1 473 490 240 20 18 127 185 246  483 490 50 20 18 127 185 246
motion disk2 473 328 204 42 18 102 162 48  569 328 204 42 18 102 162 48
motion disk1 483 490 50 20 18 127 185 246  484 490 50 20 18 127 185 246
motion disk1 484 490 50 20 18 127 185 246  494 340 50 20 18 127 185 246
motion disk1 494 340 50 20 18 127 185 246  495 340 50 20 18 127 185 246
motion disk1 495 340 50 20 18 127 185 246  505 340 186 20 18 127 185 246
motion disk1 505 340 186 20 18 127 185 246  537 340 186 20 18 127 185 246
motion disk5 505 145 240 110 18 56 214 194  515 145 50 110 18 56 214 194
motion disk5 515 145 50 110 18 56 214 194  516 145 50 110 18 56 214 194
motion disk5 516 145 50 110 18 56 214 194  526 445 50 110 18 56 214 194
motion disk5 526 445 50 110 18 56 214 194  527 445 50 110 18 56 214 194
motion disk5 527 445 50 110 18 56 214 194  537 445 240 110 18 56 214 194
motion disk1 537 340 186 20 18 127 185 246  547 340 50 20 18 127 185 246
motion disk5 537 445 240 110 18 56 214 194  545 445 240 110 18 0 255 0
motion disk5 545 445 240 110 18 0 255 0  1166 445 240 110 18 0 255 0
motion disk1 547 340 50 20 18 127 185 246  548 340 50 20 18 127 185 246
motion disk1 548 340 50 20 18 127 185 246  558 190 50 20 18 127 185 246
motion disk1 558 190 50 20 18 127 185 246  559 190 50 20 18 127 185 246
motion disk1 559 190 50 20 18 127 185 246  569 190 240 20 18 127 185 246
motion disk1 569 190 240 20 18 127 185 246  601 190 240 20 18 127 185 246
motion disk2 569 328 204 42 18 102 162 48  579 328 50 42 18 102 162 48
motion disk2 579 328 50 42 18 102 162 48  580 328 50 42 18 102 162 48
motion disk2 580 328 50 42 18 102 162 48  590 478 50 42 18 102 162 48
motion disk2 590 478 50 42 18 102 162 48  591 478 50 42 18 102 162 48
motion disk2 591 478 50 42 18 102 162 48  601 478 222 42 18 102 162 48
motion disk1 601 190 240 20 18 127 185 246  611 190 50 20 18 127 185 246
motion disk2 601 478 222 42 18 102 162 48  697 478 222 42 18 102 162 48
motion disk1 611 190 50 20 18 127 185 246  612 190 50 20 18 127 185 246
motion disk1 612 190 50 20 18 127 185 246  622 490 50 20 18 127 185 246
motion disk1 622 490 50 20 18 127 185 246  623 490 50 20 18 127 185 246
motion disk1 623 490 50 20 18 127 185 246  633 490 204 20 18 127 185 246
motion disk1 633 490 204 20 18 127 185 246  665 490 204 20 18 127 185 246
motion disk3 633 317 222 65 18 157 206 118  643 317 50 65 18 157 206 118
motion disk3 643 317 50 65 18 157 206 118  644 317 50 65 18 157 206 118
motion disk3 644 317 50 65 18 157 206 118  654 167 50 65 18 157 206 118
motion disk3 654 167 50 65 18 157 206 118  655 167 50 65 18 157 206 118
motion disk3 655 167 50 65 18 157 206 118  665 167 240 65 18 157 206 118
motion disk1 665 490 204 20 18 127 185 246  675 490 50 20 18 127 185 246
motion disk3 665 167 240 65 18 157 206 118  889 167 240 65 18 157 206 118
motion disk1 675 490 50 20 18 127 185 246  676 490 50 20 18 127 185 246
motion disk1 676 490 50 20 18 127 185 246  686 340 50 20 18 127 185 246
motion disk1 686 340 50 20 18 127 185 246  687 340 50 20 18 127 185 246
motion disk1 687 340 50 20 18 127 185 246  697 340 222 20 18 127 185 246
motion disk1 697 340 222 20 18 127 185 246  729 340 222 20 18 127 185 246
motion disk2 697 478 222 42 18 102 162 48  707 478 50 42 18 102 162 48
motion disk2 707 478 50 42 18 102 162 48  708 478 50 42 18 102 162 48
motion disk2 708 478 50 42 18 102 162 48  718 178 50 42 18 102 162 48
motion disk2 718 178 50 42 18 102 162 48  719 178 50 42 18 102 162 48
motion disk2 719 178 50 42 18 102 162 48  729 178 222 42 18 102 162 48
motion disk1 729 340 222 20 18 127 185 246  739 340 50 20 18 127 185 246
motion disk2 729 178 222 42 18 102 162 48  825 178 222 42 18 102 162 48
motion disk1 739 340 50 20 18 127 185 246  740 340 50 20 18 127 185 246
motion disk1 740 340 50 20 18 127 185 246  750 190 50 20 18 127 185 246
motion disk1 750 190 50 20 18 127 185 246  751 190 50 20 18 127 185 246
motion disk1 751 190 50 20 18 127 185 246  761 190 204 20 18 127 185 246
motion disk1 761 190 204 20 18 127 185 246  793 190 204 20 18 127 185 246
motion disk4 761 306 240 87 18 250 125 210  771 306 50 87 18 250 125 210
motion disk4 771 306 50 87 18 250 125 210  772 306 50 87 18 250 125 210
motion disk4 772 306 50 87 18 250 125 210  782 456 50 87 18 250 125 210
motion disk4 782 456 50 87 18 250 125 210  783 456 50 87 18 250 125 210
motion disk4 783 456 50 87 18 250 125 210  793 456 222 87 18 250 125 210
motion disk1 793 190 204 20 18 127 185 246  803 190 50 20 18 127 185 246
motion disk4 793 456 222 87 18 250 125 210  801 456 222 87 18 0 255 0
motion disk4 801 456 222 87 18 0 255 0  1166 456 222 87 18 0 255 0
motion disk1 803 190 50 20 18 127 185 246  804 190 50 20 18 127 185 246
motion disk1 804 190 50 20 18 127 185 246  814 490 50 20 18 127 185 246
motion disk1 814 490 50 20 18 127 185 246  815 490 50 20 18 127 185 246
motion disk1 815 490 50 20 18 127 185 246  825 490 204 20 18 127 185 246
motion disk1 825 490 204 20 18 127 185 246  857 490 204 20 18 127 185 246
motion disk2 825 178 222 42 18 102 162 48  835 178 50 42 18 102 162 48
motion disk2 835 178 50 42 18 102 162 48  836 178 50 42 18 102 162 48
motion disk2 836 178 50 42 18 102 162 48  846 328 50 42 18 102 162 48
motion disk2 846 328 50 42 18 102 162 48  847 328 50 42 18 102 162 48
motion disk2 847 328 50 42 18 102 162 48  857 328 240 42 18 102 162 48
motion disk1 857 490 204 20 18 127 185 246  867 490 50 20 18 127 185 246
motion disk2 857 328 240 42 18 102 162 48  953 328 240 42 18 102 162 48
motion disk1 867 490 50 20 18 127 185 246  868 490 50 20 18 127 185 246
motion disk1 868 490 50 20 18 127 185 246  878 340 50 20 18 127 185 246
motion disk1 878 340 50 20 18 127 185 246  879 340 50 20 18 127 185 246
motion disk1 879 340 50 20 18 127 185 246  889 340 222 20 18 127 185 246
motion disk1 889 340 222 20 18 127 185 246  921 340 222 20 18 127 185 246
motion disk3 889 167 240 65 18 157 206 118  899 167 50 65 18 157 206 118
motion disk3 899 167 50 65 18 157 206 118  900 167 50 65 18 157 206 118
motion disk3 900 167 50 65 18 157 206 118  910 467 50 65 18 157 206 118
motion disk3 910 467 50 65 18 157 206 118  911 467 50 65 18 157 206 118
motion disk3 911 467 50 65 18 157 206 118  921 467 204 65 18 157 206 118
motion disk1 921 340 222 20 18 127 185 246  931 340 50 20 18 127 185 246
motion disk3 921 467 204 65 18 157 206 118  929 467 204 65 18 0 255 0
motion disk3 929 467 204 65 18 0 255 0  1166 467 204 65 18 0 255 0
motion disk1 931 340 50 20 18 127 185 246  932 340 50 20 18 127 185 246
motion disk1 932 340 50 20 18 127 185 246  942 190 50 20 18 127 185 246
motion disk1 942 190 50 20 18 127 185 246  943 190 50 20 18 127 185 246
motion disk1 943 190 50 20 18 127 185 246  953 190 240 20 18 127 185 246
motion disk1 953 190 240 20 18 127 185 246  985 190 240 20 18 127 185 246
motion disk2 953 328 240 42 18 102 162 48  963 328 50 42 18 102 162 48
motion disk2 963 328 50 42 18 102 162 48  964 328 50 42 18 102 162 48
motion disk2 964 328 50 42 18 102 162 48  974 478 50 42 18 102 162 48
motion disk2 974 478 50 42 18 102 162 48  975 478 50 42 18 102 162 48
motion disk2 975 478 50 42 18 102 162 48  985 478 186 42 18 102 162 48
motion disk1 985 190 240 20 18 127 185 246  995 190 50 20 18 127 185 246
motion disk2 985 478 186 42 18 102 162 48  993 478 186 42 18 0 255 0
motion disk2 993 478 186 42 18 0 255 0  1166 478 186 42 18 0 255 0
motion disk1 995 190 50 20 18 127 185 246  996 190 50 20 18 127 185 246
motion disk1 996 190 50 20 18 127 185 246  1006 490 50 20 18 127 185 246
motion disk1 1006 490 50 20 18 127 185 246  1007 490 50 20 18 127 185 246
motion disk1 1007 490 50 20 18 127 185 246  1017 490 168 20 18 127 185 246
motion disk1 1017 490 168 20 18 127 185 246  1025 490 168 20 18 0 255 0
motion disk1 1025 490 168 20 18 0 255 0  1166 490 168 20 18 0 255 0
